20.003234834313268
20.003786193725173
20.004635057851992
20.005607096970458
20.00396682252074
20.00495713948586
20.004051285361395
20.00472013844611
20.004185817062933
20.004884113854203
20.004549253263935
20.003542721667177
20.007562081867672
20.00409090202438
20.00457597037446
20.005550252083445
20.005036934335468
20.005126747130177
20.004677366130963
20.004054720454818
20.00416436575349
20.00477494629632
20.00423908368215
20.00732088754266
20.00554974708638
20.00414999797948
20.00510686089806
20.005725885932094
20.004805166272266
20.004402138625416
