20.02151372364137
20.021380636986564
20.025333536506775
20.02173538935817
20.024034773363415
20.034348305836343
20.028263409928254
20.035601352482473
20.028772647840874
20.039370117788884
20.02332764830209
20.027311766263796
20.041400185382567
20.044388773686705
20.02963465802714
20.033653223785198
20.025196650069844
20.034391573153123
20.027411901227225
20.026530852348067
20.030535179625055
20.0417221073347
20.020105183620686
20.029080530674243
20.024912408280155
20.02781887927398
20.023206458669296
20.031124411262677
20.02907137382423
20.02706419648533
