0.007424714657803033
0.009361136139164561
0.007503179053791609
0.008007627121124461
0.010497531239929359
0.007867791772032007
0.009361082733821302
0.007914949672280791
0.010443855418012848
0.009599748378917639
0.008632241513892858
0.00827277593114939
0.007247982016511223
0.008128189606620317
0.008437017018823934
0.00909857033890038
0.007675247546778952
0.01020684990823062
0.010831589996174174
0.010386909226264507
0.009016146478052267
0.007330414355257275
0.005601665495363672
0.008196687415822801
0.008659508651024161
0.008719016752524844
0.008638910798409505
0.006805199276293639
0.008893930932603933
0.008879178142603195
