0.015540934740060575
0.01632926446924099
0.0158769901084157
0.01738528122533367
0.013741462655480152
0.01379801128442848
0.020343863536810503
0.019693188472909906
0.012883821634652737
0.018378835885194622
0.02083191036481491
0.020342127469498372
0.016370881798790204
0.016137174692230083
0.01682330696965062
0.015703301608161357
0.013007040012500859
0.01908395275140551
0.015206161484388137
0.01611400832495047
0.012881918964384731
0.01304214599113207
0.011944700724662471
0.013265072437722125
0.013873931812727225
0.013228451105847139
0.01268524094435275
0.01924601546490301
0.012403061306681007
0.01580455475403486
