2.313628227390563e-05
2.7645449683699752e-05
2.4986884616495786e-05
1.8922863006531898e-05
3.171259553902406e-05
3.4836912544689014e-05
3.391601441571357e-05
2.0119627369252768e-05
1.4783483574198897e-05
3.6724318296932346e-05
0.007423711176549164
3.4222262940364345e-05
3.296754544435121e-05
2.6150071509412065e-05
4.373221210951517e-05
0.009892889716122455
0.012354446607275027
2.1266991227064658e-05
2.9054652938564907e-05
1.9657210598267305e-05
2.1076214234749813e-05
3.49454157513307e-05
4.280935556755239e-05
0.007420878952850263
0.0394025843972069
0.007421130808082821
4.1552206294648286e-05
0.014793422071254225
2.706501036464637e-05
3.141934389050416e-05
