54196.53591632986
34899.67387250308
48070.142109081135
57054.76488279793
29300.82402783435
45264.48720860707
46211.260429126836
35146.61148405388
39566.40967897988
38906.14794359632
55344.964857321225
41014.82117662467
32895.13053837465
43505.41906156872
61910.55797655086
40869.704167141084
37566.725764317816
38964.05844698886
35193.1645261447
30357.219336235685
32359.11248158109
53390.59493061436
51581.089962782
53190.71697619461
42562.366405596316
28221.456926056715
24816.591719956825
34260.11371652226
28644.404239226245
29459.625550779725
