179.1724496804265
166.75937279568404
237.30506830549493
220.6849485492051
184.4211205324063
190.21526632453958
171.10205065602406
211.23024176559065
216.10464213608185
224.66756746787865
179.58888260178549
203.3991485233012
186.9151834210807
177.95766111950428
187.6938220220503
218.02624525742561
188.88067358458775
189.44316758108278
207.9103671049636
177.17968674680876
163.9205004105068
197.52155133202436
182.72740998098658
209.36703941006058
195.20866550801813
192.70279283523524
164.91291583865333
212.1407738160873
194.54025534872602
167.93767911720948
