6.413549349271186e-06
0.009862332684696828
4.601071019849634e-06
1.090189378971651e-05
6.483802042822617e-06
0.01232752448419605
0.012320857737049828
0.007400574098658241
5.799555034768922e-06
0.0074007072485166026
0.014776826510116026
0.01232894453626765
7.567179931444734e-06
6.072015249491969e-06
4.929325047919875e-06
4.7556563810280394e-06
8.681781409669576e-06
4.281039242437501e-06
5.924829254433384e-06
0.009864768109560607
0.012320517857735025
5.468015869980469e-06
5.878784843038609e-06
4.03304450291575e-06
4.205615344310409e-06
5.124156152169768e-06
6.8161589780180165e-06
7.63098496836534e-06
0.036803658770826364
0.00740372932467348
