20.02396762943849
20.031257510937493
20.03001918236673
20.024514133463928
20.025476489624097
20.03418235216752
20.028858481657494
20.03248078780892
20.02549079074673
20.032658146952212
20.020538120866064
20.029471869762446
20.025191652016606
20.030820566002337
20.031247039902173
20.03752587229101
20.02118190614994
20.02522651024988
20.031122926570408
20.027212948449503
20.034943575480366
20.035209747656072
20.022819173022025
20.029376483082476
20.036426773327673
20.02643624886116
20.03388248967526
20.031629124930465
20.02567024046858
20.027326039090667
