20.019582463964966
20.024981966628665
20.016308314662815
20.021500272977725
20.019059174817432
20.03761969371227
20.01324592384984
20.020858104175556
20.015299170043694
20.02124335658324
20.01920990033336
20.01328916341559
20.019366848655615
20.02317617183898
20.016885016234447
20.02529343543123
20.02222645288388
20.020517591833062
20.012061050164906
20.023318489758132
20.017204871780727
20.024406120624555
20.034703539770987
20.03045032158999
20.01227114882831
20.015753081609343
20.020907660393046
20.016064753304008
20.022380647067315
20.020649433476223
