370.7315968450858
326.2004443669833
198.1905622958397
289.06709596715785
187.8708568158707
298.6570712516493
410.8396859747604
381.3159746133962
210.99665465406068
408.6035805672969
524.1498865319096
237.82101160130702
304.5424691793228
299.3774342819253
955.6006954910406
275.57737286372844
263.12172050491426
222.8684782939418
263.06739738148576
301.3334054465464
194.6948152158211
261.0562246204712
455.04590768078583
388.0172439967192
764.8616949625505
681.4239583068029
532.0570737752043
320.47803693530824
327.81570578454887
198.5346642712055
