49.50520468449014
52.711687580981106
50.57630493783154
50.07575253905543
59.39157670445036
47.4799882199913
49.753433840700836
50.68309489709725
40.36135027753778
50.4687953796149
51.87259368232628
56.188596069238315
53.247682441526536
43.19739702180618
55.53759911366183
62.73817915508971
48.05351782520154
41.2583900532328
55.584415110507564
60.442855915706104
48.67238912395999
34.884904588810684
56.61466054134979
62.429776170211085
39.30474473463238
58.1225992639944
48.08474988276896
45.12086838643302
51.921712769249666
46.04186292321549
