0.012333097537804094
0.012331055143358971
4.093559353357534e-05
3.5746697788829884e-05
2.1493740823719243e-05
0.017265768622748534
2.467666210859143e-05
3.485806799119473e-05
1.9316320872708737e-05
0.007422105658662526
2.3425787645914298e-05
2.4931961524421453e-05
0.009880761150030115
2.624980161736179e-05
0.012332928049291203
0.012346991112650363
0.014801484248321062
2.057938417998617e-05
2.326998410639991e-05
0.009882771056308637
1.5072611604050046e-05
2.6765054540911493e-05
2.008405022546622e-05
0.007433863902695181
1.3135917571793776e-05
2.3348619207608223e-05
1.975027226164272e-05
2.4510768035557184e-05
3.7096473702202815e-05
2.429027990791255e-05
