0.0074013203993326115
3.592708823441093e-06
3.9323093681264965e-06
4.389871359644637e-06
0.00740362636521863
0.007400875465280232
4.452455816372769e-06
0.007403290871416224
0.007402545531477012
0.022160672920092828
5.461453320365628e-06
8.53557489222112e-06
0.0074066414213201925
0.012323064592813737
4.860068577472454e-06
0.012328940839097302
3.367124711606273e-06
0.007399471148590742
0.00740111325164472
4.010671385112907e-06
0.02215729793894816
0.007401584785360682
5.313457779765329e-06
6.582014056788488e-06
6.412795161780949e-06
6.491598867897075e-06
0.007400683468707481
0.022158033834951407
3.4112171234390587e-06
3.7627771091175433e-06
