0.22819723119056334
0.2135891031726942
0.2699919892698972
0.21917955874050676
0.2627125596112023
0.11767106293871166
0.2739562757265048
0.36051274954076007
0.16903721493514468
0.17533512966525677
0.11110988199487792
0.2696813010423398
0.16603365239967616
0.20779363167451947
0.23675812638180105
0.3824507130754
0.29585526362666315
0.21472817870471772
0.16690041747062878
0.22110651487224686
0.2794655593559128
0.2616634269407996
0.28690425260248276
0.16560428295497331
0.30766984136732844
0.2171444059258647
0.154906137140415
0.2584068893884819
0.1374638271203139
0.11416164211789237
