0.10715638568194663
0.05101748009320772
0.06534822122495143
0.045294557688805526
0.05811383322668462
0.03153693491128706
0.044619049892673956
0.03697794310357949
0.06225676998178642
0.05267796636405819
0.048443079677554124
0.08996881017776559
0.05072496132618198
0.05740595517437441
0.04685594778857194
0.03273874978640379
0.0426091977727765
0.04666357996791248
1.0463728164881445
0.05286918910019267
0.069284131471818
0.07454715640085396
0.04449600917564567
0.05824833903534454
0.05802588479707538
0.05221572896783755
0.056387670117601374
0.08646619540411393
0.0447246059494546
0.043712500350807204
