420890.19432722055
485317.10788327805
369891.21863069374
94880.25290675058
134595.48529294122
231165.46068185818
502884.22673907946
404384.53749462287
180315.08244302252
400131.5180568587
472697.4121489053
245972.0944819679
383318.9121685631
206350.73459609417
411351.46204979904
333551.76552428637
425501.6423635307
339229.9107221101
275825.5064202504
447658.8192090035
469386.25288783794
247965.8321114402
341850.776797823
269897.52757713647
286204.1586850907
465422.6450781815
508469.8817882376
289872.1829807147
138181.5682847644
554928.7447881559
