52.370959713653065
55.28707690716368
60.80104111543142
53.53612686595318
41.871664319071556
45.00014668820404
55.16826132018309
42.3364582527858
43.235414592543975
52.022690902919976
44.851621265614654
44.540196374485504
53.17684089307204
49.32934895148571
49.056603032554506
43.35620586213133
47.20512648583224
43.90145549836666
45.32723488858113
46.81141958670355
42.18579022446721
41.881514114799415
44.33822559302763
65.91284881665786
50.47272105990885
54.10469873800412
44.95202545091047
54.360102385864366
43.41599466696516
61.48203065964026
