13.777784097422588
14.917414597939981
10.710156736761805
12.863692205066805
13.121503682383699
16.20831291149608
7.909882525521225
8.155372932036208
9.485522780370038
13.13257255027029
7.4003335171314095
13.74936504199669
16.595949438996925
12.094554056385245
15.699753912896169
11.844874306637644
18.141768308264542
15.272262449963602
8.84833816134389
8.689125385161027
11.233792827779538
17.95070127027409
9.653345271265373
15.405500786785774
13.299880399011643
11.470946142724452
14.135967023187963
8.015307043275984
10.768805328943188
13.507708605922655
