0.5200221643840592
0.5645371237288725
0.5422133474641694
0.5818264351886394
0.29982870215613544
0.5590310728118255
0.5668349181497228
0.43785600087590726
0.5412086624188692
0.5558795933030064
0.47651713991277245
0.610361347825443
0.49564328598561447
0.4609310444643956
0.5774039547795062
0.49803125759824873
0.6336746099777557
0.5989868397851261
0.5735009398792046
0.3812460542860038
0.5500146032639693
0.5767152894534123
0.4706706310914237
0.4753678743048656
0.451252570147714
0.5324106326817039
0.4977519718826343
0.495309759726855
0.5333393955345009
0.4844424906707655
