0.022610760992454737
0.016403309186912463
0.017449226592604727
0.034523317110370044
0.017542339468383905
0.02032704292641152
0.010523880728173007
0.02601271847105424
0.0165160166791668
0.01736490211950703
0.015494305079045034
0.017787270265381516
0.014444939858629824
0.013638092844641014
0.01808654887629313
0.007782516429187258
0.012292980899697326
0.009117513210768702
0.015154250343891285
0.02280121001058244
0.017563628598256997
0.015822614297231197
0.01106289397004856
0.012564995871777507
0.01084250310519641
0.011930531133267475
0.04477525428060791
0.014924582541643971
0.014176694255349176
0.03968571384137043
