0.005425121826036272
0.012427511123201618
0.4573615100824895
0.04766810169061109
0.018430050574927526
0.01782482459253598
0.02368507820012067
0.010702655858338073
0.011089536020415736
0.010336452923121242
0.013025868674838126
0.01007571503700555
0.02150622198225194
0.012300978108925609
0.01610220140316554
0.010187786809173316
0.015049754606825894
0.2657099933481969
0.020084566454333985
0.011374255212356799
0.023967772722416014
0.00793030347346424
0.017095911934650543
0.011994284701588254
0.054992816627114305
0.0055391582413375495
0.015674143422181097
0.3799543826510626
0.15097420688227992
0.020887431799282985
