0.0025857579243709905
0.0026603040393302635
0.0013253742193597429
0.009411103137753285
0.002503460983155681
0.0018471221401215043
0.014082850982121586
0.0026636371232945377
0.009396605452049123
0.00980997601446143
0.024891410913181256
0.0017686980055712231
0.0020214589747845624
0.002675760558708551
0.003136265407404193
0.009677979467921927
0.0024088537270984256
0.0016777204869382611
0.008776582615846573
0.0019486302611361195
0.012815339781122703
0.009533244477413105
0.0021243209893926362
0.037111906569396225
0.009110010622517373
0.0018689619525252832
0.002010129000838301
0.0023468598784095462
0.001898194955848198
0.015211273805146974
