0.013905428799643849
0.0014616191652050414
0.0016727422733860964
0.0011947256559614594
0.0015253281033821287
0.013632922656866109
0.0013284420765201643
0.0013480494695666811
0.0011463355015892684
0.01359145250774385
0.0018590834173808357
0.011388617551714941
0.0016466452882494265
0.015835612336053906
0.0015225010380987003
0.015987439293175698
0.008550082270781134
0.0020013270965711927
0.0015933256217592895
0.011189981349448264
0.001079256984920729
0.0011710436372242006
0.021699600882868153
0.001242471605213069
0.009098181664205396
0.013420236920033357
0.0018448614201451718
0.009040869813574992
0.0021943454574897547
0.016307362811925463
