20.02313308957873
20.02668144872749
20.02088301426846
20.034449842532897
20.025359153979757
20.030871434352093
20.022782018637415
20.032055901173763
20.02646691800508
20.020542581112988
20.026280773255454
20.022441951946963
20.02685028610838
20.022347056020926
20.02890528123115
20.025595633746192
20.021402470637998
20.030004795596845
20.02294497974838
20.016714374302225
20.03488099250543
20.031535095442507
20.033289123450764
20.02913660422335
20.027023890335304
20.030712143349064
20.026874674512953
20.03246365641964
20.03737119516526
20.033217771904656
