20.005581383226204
20.003643140977417
20.003887776612526
20.00329043382692
20.003391124460094
20.004947696939347
20.00332533496555
20.003975490439405
20.004940767535828
20.003382678625684
20.003269022466664
20.00546046049784
20.007725167796554
20.005647737020947
20.00388136578967
20.005078367279328
20.003811878632206
20.00474522938343
20.00474421670538
20.005853155045624
20.006798454373065
20.003899469456346
20.004181067970915
20.00280233407826
20.00495746365105
20.00430666291477
20.00411577640528
20.004994639878923
20.005706292031093
20.004061495151525
