20.000122021010846
20.000110492681976
20.000186371207366
20.000150531504513
20.000124450813285
20.000057432017048
20.0000510293076
20.00015385533968
20.000059845202163
20.000092156098233
20.000133559019513
20.00011506343663
20.000118784530798
20.00005010517102
20.000153973882526
20.00038304414536
20.00055226121595
20.000386939912044
20.00010394215971
20.000207687016204
20.00010436204874
20.000120580896244
20.00009447590133
20.00006002204711
20.000109595355514
20.00012949984407
20.00012758191408
20.000059184326698
20.00010885427041
20.000088935924484
