20.000585665364852
20.000840551184186
20.000778060149845
20.000935387655904
20.000554060942285
20.000447028810033
20.000479055615926
20.000333141632606
20.000774319506085
20.00055518821976
20.000399925744198
20.000261204078384
20.000362710763568
20.000445070631596
20.00040481327587
20.000348249766375
20.00047391579314
20.000475719721475
20.000242288156066
20.00040644666655
20.000614042426484
20.000188348503077
20.000513659866623
20.00033184840386
20.000389387169772
20.000528798868594
20.000296788727386
20.000606108341163
20.000512445600517
20.000663226798324
