25.545468857562355
41.617023519333884
49.14567223321711
44.42513910405876
55.06784823828934
51.51293819440434
37.20410026857189
48.79266194604327
33.73677069802079
48.559463016436325
33.585071707279326
44.66964729354157
41.675487501425664
42.59185683752355
43.767802734635325
39.59918396928538
45.4168602036911
38.09778713271908
50.884181428633156
34.947520721517435
39.61226025983012
53.89193658175111
35.51727619145248
40.64446749994198
44.70360311665377
48.37395320508989
41.74405675197784
43.27254403064421
45.33575115410508
41.92662349013597
