27.224889404489147
27.73917913204309
30.242260647719547
23.390429309317597
25.31988802614387
31.988549918016133
27.208867779102093
26.214599857702638
28.752140400779467
26.488352346560646
27.945111858336986
34.14638845998047
29.268440900646226
33.200087502616555
35.730328448405544
26.593153355831078
29.438295678319548
29.361722172409486
30.76165856808302
34.02028159630811
28.088154590172962
28.707347030725487
27.763032879427044
27.881349700191777
25.582844956678116
17.91595636297808
31.137879443443012
33.719672659487
25.002087022112676
28.07759402580831
