0.35805359216419674
0.24730728842268945
0.285573573974375
1.3280379401736582
2.3690302904932423
0.25421233191013926
0.35024995117964863
0.45031276236920803
0.3212302001473972
0.31764077202285534
0.28962877973424384
0.36714249499004836
0.15509173290774925
0.3685490901392541
0.25019130915018195
0.2912325804240936
0.21080768389924742
0.3624011410034882
0.34126272177172723
0.21993411403872187
0.3180335288842002
0.3383581879287476
0.3030525180850532
0.17590522096088534
0.33071862672397856
0.48832439196513633
0.3150390135115231
1.4053154818761868
0.37037168224452444
1.3240279308176923
