0.07113575244494541
0.06019995216786356
0.06671861085430919
0.039945475273725606
0.0365244836364127
0.045518349468352426
0.0385118263733375
0.06165668348216968
0.05779297514334303
0.04731857510927284
0.05781000291028704
0.05480424235292958
0.05634610050913125
0.07231561092146421
0.0403676463465672
0.0867194713574122
0.029289798082572815
0.06449230379638493
0.06078385038290435
0.03579450839163201
0.05113753475234262
0.03993100943478112
0.05858960343527997
0.06851533174102542
0.1340656640834368
0.06280392350237207
0.06348748079545885
0.0759787819055191
0.04151833533421723
1.0259480464214903
