0.0037076895257200926
0.0029290399822248236
0.003444961063688634
0.003022887823020959
0.014407556807492838
0.0108831114366712
0.003855651719558484
0.01573443272287156
0.01252917401285858
0.002552694969346847
0.012264792922812129
0.00211980537137757
0.001148242396718624
0.013639934268296017
0.0037512177311573858
0.00342037037935361
0.002619244920952779
0.002535048404128548
0.002407105938715959
0.0017188193623581816
0.011394945328471962
0.0021883776502654717
0.003740752314477014
0.011326978564738632
0.0027027197083042687
0.01271556883143199
0.0014438523693075522
0.0032419420723081016
0.003164134935696339
0.002286385625325127
