0.014513495622208383
0.008158770192352782
0.0097994897327629
0.009551437301649646
0.02093782713195258
0.015991495495175534
0.6183343785249851
0.010232583195123324
0.012220258938799855
1.7878616100427256
0.010570274023612991
0.014777433838469967
0.597515682865521
0.010616926450959574
0.45479692333783983
0.013235153631559138
0.034582774779361114
0.840123013730545
0.07604141962195288
0.016617351513459888
0.01065993981131319
0.07525068744124153
0.005704792730439223
0.01046142804182848
0.009936060800706192
0.9932096659987377
0.008522081145773241
0.036660506861159625
0.025287531553651932
0.09237692070672077
