33.461671503050695
36.5085918306072
31.406904040521226
29.979567383879157
32.06374429208904
31.160413310383092
30.955287976595514
26.485420242723762
29.720775435691962
27.92971079313338
37.68285496290048
28.11087298443738
34.43640485947191
32.202542479692625
41.317223403257685
28.360434999634435
28.86677390186287
31.19733431897066
25.68961797496661
33.196840634351304
25.88862666091137
39.38017942256698
23.482823266516448
35.33768783594098
33.17652713420944
27.30339402003949
26.030405927623406
31.751730566760898
33.93817752590644
21.070703711851706
