225.50906046452832
177.5374946065283
230.5070759119775
961.2174985952449
260.2983420378188
317.33476157450264
406.60598455137966
367.4201055865368
287.331965046151
467.42229085536894
559.0647681813884
650.2861976777731
306.6558760056847
419.46502879312254
431.96493065415086
169.97526108136634
298.5684720983104
228.88479302592873
1396.2596456004644
174.22981635102215
272.7131945547264
932.3682594953668
623.3289611313803
251.8132451691444
390.5458547940117
467.1943373273542
359.0064491199222
440.2630721366688
233.60080079988205
541.1563247963886
