0.17291604240320524
0.15005095429914395
0.18913394896441638
0.15105835582578742
0.13532279259132984
0.20685952121276774
0.21724148192107728
0.16611010758113887
0.21003538724710946
0.15912632287266204
0.1988317882905033
0.1678673905026229
0.14735071960242552
0.19339022062702238
0.1652583356273527
0.19100662843383898
0.15243700615406608
0.22275280059298863
0.2035325124590388
0.19179278913441733
0.15335271493463898
0.1798062243939449
0.16553094044924332
0.1790948200372613
0.18136106540241936
0.15801652197801586
0.2051020199718585
0.16235421975642028
0.20941877219795746
0.18688902340229685
