0.1650896143213254
0.251798874284606
0.2921152822980626
0.21020541705044016
0.3060511771023062
0.32566631914563304
0.20185612222316562
0.23989565132253077
0.2236979826139831
0.20193341095071737
0.2236081615700436
0.2489072539374515
0.2051082002426905
0.2301507830519265
0.20255530044374348
0.22167608499698188
0.20872452996673907
0.23213241705664656
0.22299365188232168
0.18645356890510945
0.1887060706597108
0.24967931356581952
0.22603623202606826
0.23578606606191332
0.2203608156475152
0.2065951912842081
0.25737272572588
0.25827422421737767
0.22865541866059003
0.23907685628335917
